# R script for Peak Model
#  -- generated by MACS
p <- c(0.024714648043727895,0.02880988746806155,0.03313670293127122,0.037110060229880656,0.04140335810851617,0.041299758301650585,0.041220534919929844,0.0411413115382091,0.04114740564449531,0.041330228833081635,0.0413088994610799,0.041397264002229955,0.04141859337423169,0.04163493414739217,0.041561804871957646,0.04146125211823517,0.04143078158680411,0.04150695791538175,0.041482581490236904,0.041589228350245595,0.041933545355416504,0.04191221598341477,0.04183908670798024,0.04178728680454745,0.041714157529112915,0.04176595743254571,0.04193659240855961,0.0422687212011581,0.042384509220596105,0.042396697433168526,0.04235099163602195,0.04237841511430989,0.04258256767489796,0.0424363091240289,0.04270749685376528,0.04297868458350166,0.04296344931778613,0.04304267269950687,0.04313103724065693,0.043298625163527726,0.043450977820682996,0.043536295308689944,0.04344488371439678,0.04379834187899701,0.043850141782429804,0.044081717821305814,0.0440207767584437,0.04418227057502829,0.04428891743503698,0.04424016458474729,0.04403296497101612,0.0441304706715955,0.04425539985046282,0.04432852912589735,0.0445265875801992,0.044523540527056094,0.04485262226651148,0.044465646517337094,0.0446393285464941,0.044901375116801166,0.0452030333779686,0.0453736683539825,0.045273115600260025,0.04544375057627392,0.045312727291120396,0.0453736683539825,0.04544375057627392,0.04579111463458794,0.04566313840257751,0.04560829144600162,0.04564790313686199,0.045687514827722354,0.04600440835460532,0.04612933753347264,0.04625731376548307,0.04656811318607982,0.04661077193008329,0.046562019079793605,0.04677226574666788,0.046781406906097195,0.04690938313810762,0.047080018114121526,0.0468393009158162,0.046945947775824885,0.04679054806552651,0.04665952478037298,0.047067829901549105,0.04752488787301491,0.047930145941047934,0.048125157342206674,0.04839329801879995,0.0485304154102397,0.048780273767974336,0.0487589443959726,0.04943234314059889,0.049258661111441886,0.04921600236743841,0.049152014251433195,0.04899052043484861,0.04921600236743841,0.049148967198290094,0.04893567347827271,0.04921295531429531,0.049383590290309205,0.04933179038687641,0.04961211927604211,0.04945976661888684,0.04952984884117827,0.049874165846349176,0.049889401112064705,0.049959483334356125,0.050352553189816726,0.050340364977244305,0.05070296430127384,0.050876646330430854,0.05119353985731381,0.051425115896189824,0.051723727104214155,0.051766385848217626,0.05195225608994706,0.05220820855396791,0.052311808360833496,0.05261956072828714,0.052519007974564665,0.05257385493114056,0.05263784304714577,0.05289074845802352,0.05288465435173731,0.05292121898945457,0.053067477540323635,0.05307357164660985,0.05325334778205307,0.053436170970639386,0.05366165290322919,0.053835334932386195,0.053969405270682835,0.054106522662122576,0.05442951029529175,0.05475249792846092,0.05481648604446614,0.054984073967336934,0.055313155706792315,0.05549597889537864,0.05548683773594932,0.055422849619944106,0.05542894372623032,0.05566051976510633,0.055614813967959746,0.05565442565882012,0.05578849599711676,0.0560383543548514,0.05616937764000493,0.05626993039372741,0.05673003541833632,0.05707130537036413,0.05717185812408661,0.05725717561209356,0.057546645660688574,0.05760453967040757,0.05797932720700954,0.05793971551614917,0.058021985951013016,0.058220044405314864,0.058271844308747656,0.05801893889786991,0.05824746788360281,0.058396773487614975,0.05832059715903734,0.05856740846362888,0.05844552633790467,0.058930007787658424,0.058914772521942896,0.05878374923678936,0.058738043439642784,0.059192054357965485,0.0595363713631364,0.05959121831971229,0.059834982571160725,0.060054370397464314,0.06060588701636639,0.06071253387637508,0.06114216836955294,0.06136155619585653,0.061708920254170546,0.06199229619647935,0.06212331948163288,0.06258951861252801,0.0628119534919747,0.06297344730855929,0.06283023581083333,0.06307095300913866,0.0629764943617024,0.06317150576286114,0.06338479948287852,0.06354324624632,0.06400639832407203,0.06430500953209635,0.06479863214127943,0.06515818441216586,0.06542632508875913,0.06559086595848683,0.06609972383338543,0.06643489967912702,0.06674569909972378,0.06699860451060152,0.06706563967974984,0.06673960499343756,0.06662381697399955,0.0665902993894254,0.06701688682946015,0.067099157264324,0.0672179923369051,0.06765981504265539,0.0678913910815314,0.06809554364211946,0.06842767243471795,0.06903708306333903,0.06925342383649952,0.06969829359539291,0.06989635204969476,0.07010964576971214,0.0704326334028813,0.07032598654287261,0.07061850364461074,0.07068553881375905,0.0706489741760418,0.0707678092486229,0.07115478499779729,0.07147777263096645,0.07188607775214258,0.07223648886359971,0.07247111195561881,0.07266002925049135,0.07264784103791894,0.07314755775338821,0.07357109814027987,0.07389103872030593,0.07387885050773352,0.07365032152200061,0.07380572123229898,0.0742719203631941,0.07425973215062169,0.07496055437353592,0.07553340036443974,0.07569184712788123,0.07575583524388643,0.07602397592047971,0.07649322210451795,0.07704473872342002,0.07702036229827518,0.0772580324434374,0.07773032568061873,0.07780040790291017,0.0782117600772294,0.07851341833839683,0.07909845254187306,0.07922033466759727,0.07947324007847502,0.0798602158276494,0.08057932036942228,0.0806981554420034,0.08096934317173977,0.08091754326830698,0.08096629611859667,0.08134717776148484,0.08160922433179191,0.08228871718270442,0.08282499853589097,0.08288898665189617,0.08307790394676871,0.08336737399536373,0.08367512636281738,0.08433633689487124,0.08440032501087645,0.08445212491430924,0.0844856424988834,0.08468674800632836,0.08486347708862847,0.0856130521618324,0.08591166336985673,0.08620722752473796,0.08653021515790713,0.08687757921622115,0.08738339003797664,0.08790748317859078,0.08834321177805485,0.08862658772036365,0.08905622221354151,0.08935178636842273,0.08946757438786074,0.08971438569245227,0.08994900878447139,0.09033598453364577,0.09069858385767532,0.0908570306211168,0.09111298308513766,0.09121353583886013,0.09134151207087056,0.09123181815771876,0.09173458192633115,0.09205452250635722,0.09259689796582998,0.09343179052704086,0.09400158946480157,0.09478468212257966,0.095488551398637,0.0962259382592685,0.09697551333247244,0.09790486454111959,0.09828879323715087,0.09933393246523602,0.10004998995386578,0.10000733120986231,0.1003364129493177,0.10059845951962476,0.10084222377107319,0.1010189528533733,0.10136631691168732,0.10156437536598917,0.10232613865176551,0.10223472705747236,0.1023779385551983,0.10279538483580375,0.10306961961868324,0.10365770087530259,0.10414218232505634,0.10483081633539816,0.1049648866736948,0.10555601498345725,0.10556210908974345,0.1058637673509109,0.10610448454921621,0.10654021314868029,0.1070033652264323,0.10708563566129616,0.10747870551675676,0.10760363469562408,0.10780474020306903,0.10782911662821387,0.1082922687059659,0.10873104435857307,0.10917286706432336,0.10945624300663216,0.10990415981866865,0.11037645305584999,0.11065373489187258,0.11102547537533143,0.1115678508348042,0.1121346027194218,0.11233570822686675,0.11288417779262573,0.1134265532520985,0.1134296003052416,0.11344178851781402,0.11377696436355561,0.11414870484701448,0.1146727979876286,0.11502625615222882,0.11537362021054284,0.11554730223969985,0.11627250088775894,0.11640657122605558,0.11727498137184061,0.11801236823247212,0.11836582639707234,0.1187436609868174,0.11899351934455206,0.11938049509372645,0.11966996514232145,0.12040735200295297,0.12055970466010824,0.12134584437102942,0.12180594939563834,0.12199486669051088,0.12247934814026464,0.12301562949345118,0.1233081465951893,0.12388403963923622,0.1243807093015624,0.1254471779016493,0.125785400800534,0.12612362369941868,0.1266385756806035,0.12722970399036596,0.12763496205839897,0.1278787263098474,0.12842110176932017,0.12836930186588738,0.12885378331564112,0.12875932466820486,0.12948757036940706,0.12976485220542963,0.1303072276649024,0.13044739210948525,0.13111164969468223,0.13196177752160865,