# R script for Peak Model
#  -- generated by MACS
p <- c(0.02387157565537368,0.027812988458285847,0.03181524639880729,0.03584003957548032,0.03993919903145358,0.04028849519180314,0.04033807271133663,0.04043272070317328,0.04055891802562216,0.04061525611600112,0.04064229839938302,0.04084286200113212,0.040975819894426474,0.041111031311335984,0.04114934121279368,0.0411155383585663,0.041241735681015176,0.041198918732327165,0.04126427091716676,0.04121469339763327,0.041340890720082145,0.04122145396847875,0.041063707315417655,0.04105469322095702,0.04075497458014094,0.04073919991483484,0.040876664855359506,0.040856383142823076,0.04091046770958688,0.041090749598799554,0.041291313200548664,0.04148286270783713,0.04169244040404687,0.04169244040404687,0.04197187733232652,0.04214990569792404,0.042046243611626746,0.04229638473290934,0.04235948339413378,0.042508215952734234,0.042366243964979254,0.04228286359121839,0.042433849673434006,0.0427921599282442,0.043006244671684256,0.04283723040054737,0.04299948410083878,0.04292737134515371,0.042873286778389905,0.043125681423287654,0.043396104257106674,0.04374765394107139,0.04404286553465715,0.04391666821220828,0.043984273920663036,0.044333570081012595,0.04438540112416124,0.04450033082853432,0.044766246615123025,0.04459047177314066,0.04477976775681397,0.04498033135856308,0.04484962698888389,0.04498934545302371,0.045113289251857425,0.04516286677139091,0.04537244446760065,0.04567441663203189,0.04569244482095315,0.045820895667017185,0.04565413491949546,0.04542202198713414,0.04563836025418935,0.045658641966725776,0.04599216346176923,0.045976388796463125,0.045956107083926695,0.04594033241862058,0.04587498023378099,0.0459448394658509,0.04614765659121516,0.04646540342095251,0.046620896550398444,0.04669751635331383,0.04669300930608351,0.04686653062445072,0.047258643733488294,0.047396108674012956,0.04781301054281727,0.048036109380717965,0.0480451234751786,0.04799779947926027,0.04791216558188425,0.04808568690025145,0.048265968789464125,0.04833582802153404,0.04841019430083427,0.04846202534398292,0.048448504202291964,0.048583715619201474,0.048721180559726136,0.04912230776322435,0.04939949116788884,0.04974202675739293,0.049748787328238404,0.05001695663844226,0.050213013192961044,0.05035273165710087,0.05060287277838346,0.050846253328820576,0.050846253328820576,0.05072681657721718,0.050891323801123746,0.051010760552727144,0.051051323977799996,0.05138484547284345,0.051369070807537345,0.05150202870083169,0.051508789271677166,0.0514096342326102,0.05188963476263895,0.05211949417138511,0.05221414216322177,0.05230202958421295,0.05252287489849848,0.052401184623279924,0.05237188881628286,0.05257019889441681,0.05282259353931456,0.05305245294806072,0.05297808666876049,0.05328907292765236,0.053176396746894436,0.05323949540811887,0.05343555196263766,0.0535797774740078,0.05383217211890555,0.05389977782736031,0.05409808790549425,0.0542310457987886,0.054388792451849695,0.05439329949908001,0.0548552718401875,0.05508738477254882,0.05530597656321919,0.05572062490840835,0.05606541402152759,0.05650034407925318,0.05670316120461744,0.056903724806366546,0.05735442952939824,0.05771950035505391,0.05791330338595754,0.05804851480286705,0.05812513460578244,0.05801245842502451,0.058143162794703704,0.0582355572629252,0.058140909271088545,0.05839555743960145,0.058366261632604395,0.058499219525898746,0.05866598027342047,0.058731332458260066,0.05890260025301211,0.05894541720170012,0.05910541737837637,0.059513305152720054,0.05993020702152437,0.06007443253289452,0.060128517099658316,0.06030429194164068,0.06025471442210719,0.06059274296438096,0.06085189818012419,0.06130034937954072,0.0614806312687534,0.06130034937954072,0.06134541985184389,0.061473870697907926,0.061705983630269245,0.0618659838069455,0.06222204053814054,0.06263443535971454,0.06266598469032676,0.06268851992647834,0.06295443571306704,0.06318204159819804,0.0634614785264777,0.06357415470723563,0.0638197887812879,0.06403387352472795,0.06414204265825556,0.06400232419411574,0.0644169725393049,0.06482260679003342,0.06520795932822551,0.06539049474105335,0.06574880499586354,0.06612965048682533,0.06634148170665022,0.06646091845825362,0.06667725672530883,0.06688683442151858,0.0670152852675826,0.06710091916495863,0.06721359534571655,0.06746148294338399,0.06746373646699914,0.06783556786350028,0.06799106099294622,0.06824796268507428,0.06862880817603607,0.06919218907982569,0.06953472466932978,0.07000120405766758,0.07005303510081623,0.0704721904932357,0.07070430342559703,0.07072909218536376,0.07097923330664635,0.07124514909323505,0.07157641706466335,0.07154937478128146,0.07150430430897828,0.07166655800926969,0.07206092464192242,0.07223669948390478,0.07258148859702403,0.07296233408798582,0.07329810910664442,0.07356177136961796,0.07376909554221255,0.07410036351364084,0.0746231809923576,0.07503557581393161,0.07518656189614722,0.07559219614687575,0.07590994297661309,0.07615557705066536,0.07657923949031516,0.0767505072850672,0.07722149372063532,0.07760684625882742,0.07789304375795254,0.07799445232063468,0.0786276924564942,0.07883276310547363,0.07943896095795125,0.07959896113462751,0.07972515845707638,0.08026600412471441,0.08050487762792122,0.08062206085590945,0.08080684979235245,0.08106825853171083,0.08109980786232304,0.08134318841276016,0.0812755827043054,0.08167670990780361,0.08228966833112672,0.0824316403188817,0.08255558411771542,0.08311220445065956,0.083587697933458,0.0841736140733992,0.08458375537135804,0.08482488239818001,0.0856654467066341,0.08623333465765405,0.086474461684476,0.08693643402558349,0.08730601189846948,0.08765080101158872,0.08781530823549528,0.08786037870779846,0.08811051982908105,0.08860629502441592,0.08830206933636953,0.08844854837135482,0.08880235157893471,0.088764041677477,0.08885868966931366,0.08902995746406571,0.08962939474569787,0.08990657815036235,0.09010263470488114,0.09049249429030355,0.09108517100109023,0.09152911515327646,0.09178601684540452,0.0924057358395731,0.09300742664482041,0.09307277882966,0.09323503252995141,0.09350545536377043,0.09410263912178743,0.09424911815677273,0.09477418915910465,0.09504686551653882,0.09570038736493477,0.09625024712703345,0.09675278289321379,0.09763841767397106,0.09815898162907268,0.09901081355560258,0.09958996912469831,0.10005419498942095,0.10031560372877933,0.10075504083373522,0.10092180158125695,0.10132968935560065,0.10182997159816583,0.10219278890020633,0.10266602885938961,0.10308067720457877,0.10345250860107992,0.10423448129553992,0.10477532696317794,0.10535898957950399,0.1057218068815445,0.10592687753052392,0.10608462418358501,0.10640237101332235,0.10660744166230178,0.10689814620865722,0.10701983648387578,0.10699504772410903,0.10720462542031878,0.10768687947396269,0.10808349963023058,0.10889251460807246,0.10926885305180394,0.10982998043197839,0.11007110745880035,0.11021082592294018,0.1108440660587997,0.11140744696258932,0.11189195453984839,0.11205646176375496,0.11263787085646584,0.1127054765649206,0.11306153329611564,0.11312463195734007,0.11398322445471545,0.11434604175675597,0.11453083069319896,0.11478998590894218,0.11498829598707613,0.11522266244305261,0.11554942336725059,0.11582886029553024,0.11655900194684159,0.11682491773343029,0.11704801657133097,0.11742435501506245,0.11797872182439142,0.11840013074042606,0.11879675089669395,0.11915280762788899,0.1192497091433408,0.1194615403631657,0.11965308987045417,0.1201511185894042,0.1205522457929024,0.12112013374392233,0.12144013409727483,0.12171281045470901,0.12230774068911085,0.12257816352292986,0.12335112212292922,0.12413084129377405,0.12447337688327814,0.12502999721622227,0.1254356314669508,0.12599675884712527,0.12627619577540491,0.12694098524187666,0.12752014081097238,0.12806098647861042,0.12859507157540298,0.1291201425777349,0.1295212697812331,0.12953028387569374,0.12973084747744285,0.13017479162962906,0.13070887672642162,0.13122268011067775,0.13149310294449676,0.13223225869026875,0.13214211774566242,0.13247789276432104,0.132946625676274,0.13436859907743898,0.13512352948851708,0.13564860049084898,